4x4 Depth 3
1 5.839492286000677 
2 3.7329532499998095 
1 1.6291818199997579 
2 1.1108398680007667 
1 0.37093897099930473 
2 0.2556121939996956 
1 0.13338874299915915 
2 0.034490597000512935 
1 0.0034181320006609894 


5x5 Depth 3
1 45.40970658100014 
2 33.16987096400044 
1 39.385375998999734 
2 34.07966175099864 
1 29.526551001999906 
2 14.246877428000516 
1 6.435467733001133 
2 4.070764468999187 
1 5.229247219000172 
2 0.9947319780003454 
1 0.4128622649986937 
2 0.3750252730005741 
1 0.21319187799963402 


6x6 Depth 3
1 215.76031424399935 
2 185.72341713399965 
1 233.14940197800024 
2 209.98749672199938 
1 208.65833573500004 
2 155.40697493000062 
1 95.65635060500063 
2 100.77527579300113 
1 102.8045384649995 
2 29.90590614299981 
1 44.50430771500032 
2 3.3867236229998525 
1 3.463737719001074 
2 1.692371336999713 
1 1.280323896000482 
2 1.927536033999786 
1 1.4402892340003746 
2 0.8870164969994221 
1 1.1216022040007374 
2 0.523658162999709 
1 0.2788473590007925 
2 0.3347254199998133 
1 0.20115658400027314 
2 0.12506422699880204 
1 0.09232147399961832 
2 0.06349632999990718 
1 0.02044800700059568 
2 0.017180546001327457 
1 0.004749167999761994 



7x7 Depth 3
Przewidywanie



4x4 Depth 2
 1 0.20305276900035096  
 2 0.7479307449993939  
 1 0.2049397869996028  
 2 0.13273195299916551  
 1 0.08408517799944093  
 2 0.033939625000130036  
 1 0.00980147200061765  
 2 0.007368076001512236  
 1 0.005503805999978795  
 2 0.004850402001466136  
 1 0.0025107380006375024  
 2 0.0011437180000939406  
 1 0.0004420479999680538  
 2 7.836900113034062e-05  

5x5 Depth 2
 1 0.7442806529998052  
 2 5.559985129999404  
 1 0.9743775609986187  
 2 2.8744737619999796  
 1 0.7983641419996275  
 2 1.2491613309994136  
 1 0.5275419200006581  
 2 0.7746732480009086  
 1 0.23955521999960183  
 2 0.4445399129999714  
 1 0.14547211700119078  
 2 0.1657171200004086  
 1 0.061723512000753544  
 2 0.057291626999358414  
 1 0.021847687999979826  
 2 0.011339988999679917  

6x6 Depth 2
 1 2.0645578210005624  
 2 23.517766470000424  
 1 3.105378145000941  
 2 17.648253780998857  
 1 2.7786745710000105  
 2 12.142167750000226  
 1 7.195856622000065  
 2 9.76228562399956  
 1 2.4875599250008236  
 2 3.332582048000404  
 1 1.410183384001357  
 2 1.4986695229999896  
 1 2.0495652179997705  

7x7 Depth 2
 1 4.925585423001394  
 2 78.1989325529994  
 1 7.716796136999619  
 2 62.546592881000834  
 1 7.688332061999972  
 2 59.30144058800033  
 1 23.247678268999152  
 2 51.596388001999  
 1 5.633046732000366  
 2 16.991175987001043  
 1 6.8204369689992745  
 2 7.444593026999428  
 1 7.810828464000224  

